Total time: 0.6498932838439941 seconds
i = -7.7073075802e-05
d = 0.0018439213405
g = -0.00041686078721
k = 0.00052650972415
c = 0.0045853284287
h = -0.00018293356589
b = 0.010341116978
f = -0.00010933152706
abc = 0.022650801207
j = -4.0566497419e-05
